# Array shape: (6, 10, 11)
# Poisson noise + 3DHT F814W mean PSF
# slices: BT, Rb/Rd, nsersic, dnsersic, Rsersic/Rd, dRsersic/Rd
# Slice B/T 
0.000000000000000000e+00 1.000000000000000056e-01 2.000000000000000111e-01 3.000000000000000444e-01 4.000000000000000222e-01 5.000000000000000000e-01 6.000000000000000888e-01 7.000000000000000666e-01 8.000000000000000444e-01 9.000000000000000222e-01 1.000000000000000000e+00
0.000000000000000000e+00 1.000000000000000056e-01 2.000000000000000111e-01 3.000000000000000444e-01 4.000000000000000222e-01 5.000000000000000000e-01 6.000000000000000888e-01 7.000000000000000666e-01 8.000000000000000444e-01 9.000000000000000222e-01 1.000000000000000000e+00
0.000000000000000000e+00 1.000000000000000056e-01 2.000000000000000111e-01 3.000000000000000444e-01 4.000000000000000222e-01 5.000000000000000000e-01 6.000000000000000888e-01 7.000000000000000666e-01 8.000000000000000444e-01 9.000000000000000222e-01 1.000000000000000000e+00
0.000000000000000000e+00 1.000000000000000056e-01 2.000000000000000111e-01 3.000000000000000444e-01 4.000000000000000222e-01 5.000000000000000000e-01 6.000000000000000888e-01 7.000000000000000666e-01 8.000000000000000444e-01 9.000000000000000222e-01 1.000000000000000000e+00
0.000000000000000000e+00 1.000000000000000056e-01 2.000000000000000111e-01 3.000000000000000444e-01 4.000000000000000222e-01 5.000000000000000000e-01 6.000000000000000888e-01 7.000000000000000666e-01 8.000000000000000444e-01 9.000000000000000222e-01 1.000000000000000000e+00
0.000000000000000000e+00 1.000000000000000056e-01 2.000000000000000111e-01 3.000000000000000444e-01 4.000000000000000222e-01 5.000000000000000000e-01 6.000000000000000888e-01 7.000000000000000666e-01 8.000000000000000444e-01 9.000000000000000222e-01 1.000000000000000000e+00
0.000000000000000000e+00 1.000000000000000056e-01 2.000000000000000111e-01 3.000000000000000444e-01 4.000000000000000222e-01 5.000000000000000000e-01 6.000000000000000888e-01 7.000000000000000666e-01 8.000000000000000444e-01 9.000000000000000222e-01 1.000000000000000000e+00
0.000000000000000000e+00 1.000000000000000056e-01 2.000000000000000111e-01 3.000000000000000444e-01 4.000000000000000222e-01 5.000000000000000000e-01 6.000000000000000888e-01 7.000000000000000666e-01 8.000000000000000444e-01 9.000000000000000222e-01 1.000000000000000000e+00
0.000000000000000000e+00 1.000000000000000056e-01 2.000000000000000111e-01 3.000000000000000444e-01 4.000000000000000222e-01 5.000000000000000000e-01 6.000000000000000888e-01 7.000000000000000666e-01 8.000000000000000444e-01 9.000000000000000222e-01 1.000000000000000000e+00
0.000000000000000000e+00 1.000000000000000056e-01 2.000000000000000111e-01 3.000000000000000444e-01 4.000000000000000222e-01 5.000000000000000000e-01 6.000000000000000888e-01 7.000000000000000666e-01 8.000000000000000444e-01 9.000000000000000222e-01 1.000000000000000000e+00
# Slice Rb/Rd 
1.000000000000000056e-01 1.000000000000000056e-01 1.000000000000000056e-01 1.000000000000000056e-01 1.000000000000000056e-01 1.000000000000000056e-01 1.000000000000000056e-01 1.000000000000000056e-01 1.000000000000000056e-01 1.000000000000000056e-01 1.000000000000000056e-01
2.000000000000000111e-01 2.000000000000000111e-01 2.000000000000000111e-01 2.000000000000000111e-01 2.000000000000000111e-01 2.000000000000000111e-01 2.000000000000000111e-01 2.000000000000000111e-01 2.000000000000000111e-01 2.000000000000000111e-01 2.000000000000000111e-01
3.000000000000000444e-01 3.000000000000000444e-01 3.000000000000000444e-01 3.000000000000000444e-01 3.000000000000000444e-01 3.000000000000000444e-01 3.000000000000000444e-01 3.000000000000000444e-01 3.000000000000000444e-01 3.000000000000000444e-01 3.000000000000000444e-01
4.000000000000000222e-01 4.000000000000000222e-01 4.000000000000000222e-01 4.000000000000000222e-01 4.000000000000000222e-01 4.000000000000000222e-01 4.000000000000000222e-01 4.000000000000000222e-01 4.000000000000000222e-01 4.000000000000000222e-01 4.000000000000000222e-01
5.000000000000000000e-01 5.000000000000000000e-01 5.000000000000000000e-01 5.000000000000000000e-01 5.000000000000000000e-01 5.000000000000000000e-01 5.000000000000000000e-01 5.000000000000000000e-01 5.000000000000000000e-01 5.000000000000000000e-01 5.000000000000000000e-01
5.999999999999999778e-01 5.999999999999999778e-01 5.999999999999999778e-01 5.999999999999999778e-01 5.999999999999999778e-01 5.999999999999999778e-01 5.999999999999999778e-01 5.999999999999999778e-01 5.999999999999999778e-01 5.999999999999999778e-01 5.999999999999999778e-01
7.000000000000000666e-01 7.000000000000000666e-01 7.000000000000000666e-01 7.000000000000000666e-01 7.000000000000000666e-01 7.000000000000000666e-01 7.000000000000000666e-01 7.000000000000000666e-01 7.000000000000000666e-01 7.000000000000000666e-01 7.000000000000000666e-01
8.000000000000000444e-01 8.000000000000000444e-01 8.000000000000000444e-01 8.000000000000000444e-01 8.000000000000000444e-01 8.000000000000000444e-01 8.000000000000000444e-01 8.000000000000000444e-01 8.000000000000000444e-01 8.000000000000000444e-01 8.000000000000000444e-01
9.000000000000000222e-01 9.000000000000000222e-01 9.000000000000000222e-01 9.000000000000000222e-01 9.000000000000000222e-01 9.000000000000000222e-01 9.000000000000000222e-01 9.000000000000000222e-01 9.000000000000000222e-01 9.000000000000000222e-01 9.000000000000000222e-01
1.000000000000000000e+00 1.000000000000000000e+00 1.000000000000000000e+00 1.000000000000000000e+00 1.000000000000000000e+00 1.000000000000000000e+00 1.000000000000000000e+00 1.000000000000000000e+00 1.000000000000000000e+00 1.000000000000000000e+00 1.000000000000000000e+00
# Slice nsersic 
1.000000000000000000e+00 1.206900000000000084e+00 1.440499999999999892e+00 1.882600000000000051e+00 2.923200000000000021e+00 3.689299999999999802e+00 4.162099999999999689e+00 4.473499999999999588e+00 4.640200000000000102e+00 4.593300000000000161e+00 4.000000000000000000e+00
1.000000000000000000e+00 1.194800000000000084e+00 1.419399999999999995e+00 1.750399999999999956e+00 2.254300000000000193e+00 2.824300000000000033e+00 3.297699999999999854e+00 3.657700000000000173e+00 3.913100000000000023e+00 4.049100000000000144e+00 4.000000000000000000e+00
1.000000000000000000e+00 1.181300000000000017e+00 1.390099999999999891e+00 1.667799999999999949e+00 2.041300000000000114e+00 2.484999999999999876e+00 2.920300000000000118e+00 3.300199999999999800e+00 3.613300000000000178e+00 3.853099999999999969e+00 4.000000000000000000e+00
1.000000000000000000e+00 1.171699999999999964e+00 1.368200000000000083e+00 1.616200000000000081e+00 1.931999999999999940e+00 2.308199999999999807e+00 2.707899999999999974e+00 3.091400000000000148e+00 3.439900000000000180e+00 3.745200000000000085e+00 4.000000000000000000e+00
1.000000000000000000e+00 1.165200000000000014e+00 1.352600000000000025e+00 1.582000000000000073e+00 1.865299999999999958e+00 2.202300000000000146e+00 2.574300000000000033e+00 2.954800000000000093e+00 3.324500000000000011e+00 3.674500000000000099e+00 4.000000000000000000e+00
1.000000000000000000e+00 1.160600000000000076e+00 1.341299999999999937e+00 1.558200000000000029e+00 1.821099999999999941e+00 2.132800000000000029e+00 2.484599999999999920e+00 2.859700000000000131e+00 3.242399999999999949e+00 3.623499999999999943e+00 4.000000000000000000e+00
1.000000000000000000e+00 1.157399999999999984e+00 1.332999999999999963e+00 1.540999999999999925e+00 1.790100000000000025e+00 2.084400000000000031e+00 2.421199999999999797e+00 2.790799999999999947e+00 3.181599999999999984e+00 3.585500000000000131e+00 4.000000000000000000e+00
1.000000000000000000e+00 1.155100000000000016e+00 1.326699999999999990e+00 1.528299999999999992e+00 1.767500000000000071e+00 2.049500000000000099e+00 2.375100000000000211e+00 2.739799999999999791e+00 3.135699999999999932e+00 3.556700000000000195e+00 4.000000000000000000e+00
1.000000000000000000e+00 1.153499999999999970e+00 1.321900000000000075e+00 1.518599999999999950e+00 1.750499999999999945e+00 2.023600000000000065e+00 2.340800000000000214e+00 2.701499999999999790e+00 3.101300000000000168e+00 3.535200000000000120e+00 4.000000000000000000e+00
1.000000000000000000e+00 1.152300000000000102e+00 1.318200000000000038e+00 1.511100000000000110e+00 1.737700000000000022e+00 2.004000000000000004e+00 2.315100000000000158e+00 2.673000000000000043e+00 3.075899999999999856e+00 3.519499999999999851e+00 4.000000000000000000e+00
# Slice dnsersic 
0.000000000000000000e+00 6.999999999999999929e-04 1.100000000000000066e-03 1.699999999999999905e-03 2.599999999999999881e-03 3.099999999999999891e-03 3.099999999999999891e-03 2.700000000000000143e-03 1.899999999999999996e-03 1.100000000000000066e-03 0.000000000000000000e+00
0.000000000000000000e+00 5.000000000000000104e-04 8.000000000000000383e-04 1.199999999999999895e-03 1.699999999999999905e-03 2.000000000000000042e-03 2.099999999999999870e-03 2.000000000000000042e-03 1.500000000000000031e-03 8.999999999999999754e-04 0.000000000000000000e+00
0.000000000000000000e+00 4.000000000000000192e-04 6.999999999999999929e-04 1.000000000000000021e-03 1.299999999999999940e-03 1.600000000000000077e-03 1.699999999999999905e-03 1.600000000000000077e-03 1.299999999999999940e-03 6.999999999999999929e-04 0.000000000000000000e+00
0.000000000000000000e+00 2.999999999999999737e-04 5.000000000000000104e-04 8.000000000000000383e-04 1.100000000000000066e-03 1.299999999999999940e-03 1.399999999999999986e-03 1.299999999999999940e-03 1.100000000000000066e-03 6.999999999999999929e-04 0.000000000000000000e+00
0.000000000000000000e+00 2.000000000000000096e-04 5.000000000000000104e-04 6.999999999999999929e-04 8.999999999999999754e-04 1.100000000000000066e-03 1.199999999999999895e-03 1.199999999999999895e-03 1.000000000000000021e-03 5.999999999999999474e-04 0.000000000000000000e+00
0.000000000000000000e+00 2.000000000000000096e-04 4.000000000000000192e-04 5.999999999999999474e-04 8.000000000000000383e-04 8.999999999999999754e-04 1.100000000000000066e-03 1.000000000000000021e-03 8.999999999999999754e-04 5.000000000000000104e-04 0.000000000000000000e+00
0.000000000000000000e+00 2.000000000000000096e-04 4.000000000000000192e-04 5.000000000000000104e-04 6.999999999999999929e-04 8.000000000000000383e-04 8.999999999999999754e-04 8.999999999999999754e-04 8.000000000000000383e-04 5.000000000000000104e-04 0.000000000000000000e+00
0.000000000000000000e+00 2.000000000000000096e-04 2.999999999999999737e-04 5.000000000000000104e-04 5.999999999999999474e-04 8.000000000000000383e-04 8.999999999999999754e-04 8.999999999999999754e-04 8.000000000000000383e-04 5.000000000000000104e-04 0.000000000000000000e+00
0.000000000000000000e+00 2.000000000000000096e-04 2.999999999999999737e-04 5.000000000000000104e-04 5.999999999999999474e-04 6.999999999999999929e-04 8.000000000000000383e-04 8.000000000000000383e-04 6.999999999999999929e-04 5.000000000000000104e-04 0.000000000000000000e+00
0.000000000000000000e+00 2.000000000000000096e-04 2.999999999999999737e-04 5.000000000000000104e-04 5.999999999999999474e-04 6.999999999999999929e-04 8.000000000000000383e-04 8.000000000000000383e-04 6.999999999999999929e-04 4.000000000000000192e-04 0.000000000000000000e+00
# Slice Rsersic/Rd 
1.000000000000000000e+00 8.986850000000000671e-01 7.945849999999999858e-01 6.381824999999999859e-01 4.036075000000000079e-01 2.875325000000000242e-01 2.252474999999999894e-01 1.826049999999999895e-01 1.500225000000000031e-01 1.231475000000000070e-01 1.000000000000000056e-01
1.000000000000000000e+00 9.077474999999999294e-01 8.143174999999999164e-01 7.011174999999999491e-01 5.690699999999999648e-01 4.555049999999999377e-01 3.765625000000000222e-01 3.192249999999999810e-01 2.737725000000000297e-01 2.350074999999999803e-01 2.000000000000000111e-01
1.000000000000000000e+00 9.222650000000000015e-01 8.445550000000000557e-01 7.572149999999999714e-01 6.612949999999999662e-01 5.693574999999999608e-01 4.935900000000000287e-01 4.333524999999999738e-01 3.835525000000000184e-01 3.400450000000000417e-01 2.999999999999999889e-01
1.000000000000000000e+00 9.357324999999999671e-01 8.719224999999999337e-01 8.026350000000000984e-01 7.282399999999999984e-01 6.544499999999999762e-01 5.882024999999999615e-01 5.318625000000000158e-01 4.834774999999999490e-01 4.403075000000000183e-01 4.000000000000000222e-01
1.000000000000000000e+00 9.473750000000000782e-01 8.953649999999999665e-01 8.400575000000000125e-01 7.814900000000000180e-01 7.225500000000000256e-01 6.674550000000000205e-01 6.185599999999999987e-01 5.754825000000000079e-01 5.365499999999999714e-01 5.000000000000000000e-01
1.000000000000000000e+00 9.573099999999999943e-01 9.153650000000000952e-01 8.715149999999999286e-01 8.256875000000001297e-01 7.795199999999999907e-01 7.356475000000000097e-01 6.960149999999999393e-01 6.608799999999999120e-01 6.293050000000000033e-01 5.999999999999999778e-01
1.000000000000000000e+00 9.657999999999999918e-01 9.325150000000000938e-01 8.984050000000000091e-01 8.633749999999998925e-01 8.284924999999999651e-01 7.955499999999999794e-01 7.661149999999999904e-01 7.407475000000000032e-01 7.189924999999999233e-01 6.999999999999999556e-01
1.000000000000000000e+00 9.730849999999999778e-01 9.473425000000000873e-01 9.216725000000000056e-01 8.960924999999999585e-01 8.714000000000000634e-01 8.489824999999999733e-01 8.302324999999999289e-01 8.159199999999999786e-01 8.060000000000000497e-01 8.000000000000000444e-01
1.000000000000000000e+00 9.793799999999999173e-01 9.602499999999999369e-01 9.420299999999999230e-01 9.248724999999999863e-01 9.095100000000000406e-01 8.972124999999999684e-01 8.894024999999998737e-01 8.871124999999999705e-01 8.907000000000000473e-01 9.000000000000000222e-01
1.000000000000000000e+00 9.848475000000000978e-01 9.715624999999998845e-01 9.599774999999999281e-01 9.504224999999999479e-01 9.437150000000000816e-01 9.411699999999999511e-01 9.444350000000000245e-01 9.549374999999999947e-01 9.734424999999999883e-01 1.000000000000000000e+00
# Slice dRsersic/Rd 
0.000000000000000000e+00 3.274999999999999916e-04 4.924999999999999907e-04 5.675000000000000790e-04 4.449999999999999746e-04 3.050000000000000410e-04 2.099999999999999816e-04 1.374999999999999812e-04 7.749999999999999999e-05 2.999999999999999737e-05 0.000000000000000000e+00
0.000000000000000000e+00 2.275000000000000004e-04 3.449999999999999833e-04 4.024999999999999715e-04 3.874999999999999864e-04 3.174999999999999654e-04 2.374999999999999995e-04 1.649999999999999991e-04 1.000000000000000048e-04 4.499999999999999606e-05 0.000000000000000000e+00
0.000000000000000000e+00 1.724999999999999917e-04 2.649999999999999903e-04 3.150000000000000131e-04 3.224999999999999785e-04 2.900000000000000017e-04 2.374999999999999995e-04 1.749999999999999982e-04 1.124999999999999969e-04 5.249999999999999540e-05 0.000000000000000000e+00
0.000000000000000000e+00 1.350000000000000017e-04 2.149999999999999947e-04 2.625000000000000380e-04 2.775000000000000231e-04 2.625000000000000380e-04 2.249999999999999938e-04 1.749999999999999982e-04 1.199999999999999895e-04 5.999999999999999474e-05 0.000000000000000000e+00
0.000000000000000000e+00 1.124999999999999969e-04 1.824999999999999908e-04 2.224999999999999873e-04 2.425000000000000126e-04 2.374999999999999995e-04 2.125000000000000153e-04 1.724999999999999917e-04 1.224999999999999960e-04 6.499999999999999431e-05 0.000000000000000000e+00
0.000000000000000000e+00 9.749999999999999823e-05 1.575000000000000065e-04 1.975000000000000301e-04 2.174999999999999742e-04 2.174999999999999742e-04 2.024999999999999890e-04 1.699999999999999851e-04 1.250000000000000026e-04 6.750000000000000086e-05 0.000000000000000000e+00
0.000000000000000000e+00 8.749999999999999911e-05 1.424999999999999943e-04 1.799999999999999842e-04 2.000000000000000096e-04 2.024999999999999890e-04 1.925000000000000170e-04 1.675000000000000057e-04 1.275000000000000092e-04 7.250000000000000043e-05 0.000000000000000000e+00
0.000000000000000000e+00 8.249999999999999955e-05 1.324999999999999952e-04 1.675000000000000057e-04 1.875000000000000039e-04 1.949999999999999965e-04 1.875000000000000039e-04 1.675000000000000057e-04 1.324999999999999952e-04 7.749999999999999999e-05 0.000000000000000000e+00
0.000000000000000000e+00 8.000000000000000654e-05 1.275000000000000092e-04 1.600000000000000131e-04 1.799999999999999842e-04 1.900000000000000105e-04 1.849999999999999973e-04 1.699999999999999851e-04 1.374999999999999812e-04 8.499999999999999255e-05 0.000000000000000000e+00
0.000000000000000000e+00 8.249999999999999955e-05 1.275000000000000092e-04 1.575000000000000065e-04 1.775000000000000048e-04 1.875000000000000039e-04 1.875000000000000039e-04 1.749999999999999982e-04 1.475000000000000074e-04 9.249999999999999867e-05 0.000000000000000000e+00
